# Atom energy corrections, kJ/mol
gfn2:
  H: -1361.5917173965072
  C: -5438.43223406431
  N: -7560.273352110582
  O: -10418.560705496051
  F: -12257.181698155584
  S: -8491.679037233393
  Cl: -11934.353763683575
  Br: -10720.832399825855
torchani:
  H: -1576.3021947112907
  C: -99858.88028372319
  N: -143732.78997982052
  O: -197245.400391562
  F: -261870.8921835633
  S: -1045321.3889591839
  Cl: -1208183.9432535663
  Br: 46.52990017932376
